[[178. 198. 111.]
 [174. 168. 123.]
 [  0. 179. 117.]
 [170. 148. 138.]
 [140. 117. 237.]
 [150.  65. 255.]
 [175. 177. 141.]
 [150.  34. 255.]
 [176. 177.  92.]
 [  0. 207. 144.]
 [176. 181. 158.]
 [176. 154. 177.]
 [168. 140. 188.]
 [164. 202. 134.]
 [178. 168. 165.]
 [  0. 210. 135.]
 [  1. 222. 132.]
 [  0. 202. 134.]
 [  0. 209. 133.]
 [  0. 206. 126.]
 [177. 192. 125.]
 [179. 182. 125.]
 [  0. 192. 117.]
 [  0. 192. 109.]
 [141.  85. 203.]
 [  3. 219.  91.]
 [  0. 208. 103.]
 [  2. 226. 113.]
 [177. 180. 132.]
 [178. 212. 118.]
 [  3. 230. 122.]
 [  2. 223. 128.]
 [176. 187. 153.]
 [175. 168. 158.]
 [  0. 221. 135.]
 [178. 133. 209.]
 [171. 156. 176.]
 [  0. 214. 132.]
 [177. 209. 138.]
 [152. 131. 115.]
 [  2. 234. 143.]
 [  1. 218. 144.]
 [  1. 208. 147.]
 [  0. 210. 147.]
 [  0. 208. 140.]
 [  1. 209. 138.]
 [  1. 218. 136.]
 [  1. 213. 129.]
 [  1. 211. 123.]
 [  1. 208. 120.]
 [179. 177. 143.]
 [179. 189. 120.]
 [  0. 212. 106.]
 [  2. 227.  90.]
 [  3. 227.  92.]
 [  3. 232.  90.]
 [  3. 237.  87.]
 [  4. 234.  85.]
 [  4. 240.  83.]
 [  4. 241.  89.]
 [  1. 213. 104.]
 [  1. 214. 117.]
 [  1. 215. 122.]
 [  1. 210. 125.]
 [  3. 218. 125.]
 [  1. 213. 129.]
 [  1. 217. 135.]
 [  1. 216. 131.]
 [  0. 213. 140.]
 [  0. 209. 138.]
 [  0. 211. 139.]
 [  0. 207. 144.]
 [  0. 189. 146.]
 [179. 193. 144.]
 [178. 178. 146.]
 [175. 169. 157.]
 [174. 171. 154.]
 [177. 176. 152.]
 [150.  12. 255.]
 [171. 141. 177.]
 [171. 141. 177.]
 [172. 138. 175.]
 [176. 146. 162.]
 [172. 144. 158.]
 [175. 179. 147.]
 [179. 196. 129.]
 [  1. 205. 123.]
 [  0. 201. 122.]
 [  0. 201. 113.]
 [  3. 218. 103.]
 [  0. 216. 104.]
 [  3. 233.  94.]
 [  2. 236.  92.]
 [  4. 241.  90.]
 [  3. 235.  88.]
 [  5. 238.  77.]
 [  2. 190.  90.]
 [  1. 205.  81.]
 [  0. 141. 112.]
 [  3. 148. 114.]
 [  2. 215.  95.]
 [  1. 207.  96.]
 [  1. 205. 103.]
 [  0. 197. 114.]
 [  1. 195. 118.]
 [  0. 205. 118.]
 [  1. 203. 117.]
 [  0. 195. 118.]
 [  1. 196. 125.]
 [  2. 213. 120.]
 [  1. 211. 123.]
 [  2. 212. 118.]
 [  1. 205. 118.]
 [175. 170. 147.]
 [175. 186. 125.]
 [155.  95. 213.]
 [161. 123. 203.]
 [174. 156. 165.]
 [175. 177. 160.]
 [179. 192. 146.]
 [  1. 219. 121.]
 [  2. 213. 116.]
 [  2. 222. 130.]
 [  1. 205. 132.]
 [  0. 195. 127.]
 [  1. 209. 116.]
 [177. 182. 136.]
 [  1. 213. 126.]
 [  1. 214. 123.]
 [  2. 223. 111.]
 [179. 179. 117.]
 [177. 175. 127.]
 [  1. 193. 124.]
 [179. 191. 119.]
 [173. 185. 110.]
 [178. 134. 154.]
 [179. 184. 119.]
 [179. 195. 110.]
 [  3. 231. 105.]
 [  0. 193. 120.]
 [  1. 219. 112.]
 [176. 174. 142.]
 [177. 171. 140.]
 [  1. 215. 127.]
 [  0. 217. 135.]
 [179. 223. 137.]
 [  0. 222. 133.]
 [  1. 214. 136.]
 [  1. 219. 133.]
 [178. 186. 152.]
 [178. 197. 145.]
 [  0. 211. 132.]
 [159. 116. 203.]
 [150.  13. 255.]
 [167.  86. 241.]
 [179. 201. 138.]
 [150.  51. 255.]
 [  0. 202. 148.]
 [165.  92. 220.]
 [  2. 226. 132.]
 [  1. 183. 156.]
 [  0. 207. 142.]
 [  1. 212. 135.]
 [  1. 213. 134.]
 [  0. 214. 137.]
 [  1. 212. 135.]
 [178. 189. 147.]
 [168. 126. 190.]
 [  0. 205. 127.]]
[0.0, 12.0, 77.0]
[179.0, 241.0, 255.0]



[170.0, 146.0, 96.0]
[178.0, 220.0, 213.0]
